  0   4.000000e-01   4.000000e-01 
  1   1.333333e-01   1.333333e-01 
  2   6.347607e-02   6.347607e-02 
  3   3.113954e-02   3.113954e-02 
  4   1.543780e-02   1.543780e-02 
  5   7.687823e-03   7.687823e-03 
  6   3.836366e-03   3.836366e-03 
  7   1.916324e-03   1.916324e-03 
  8   9.577005e-04   9.577005e-04 
  9   4.787353e-04   4.787353e-04 
 10   2.393390e-04   2.393390e-04 
 11   1.196623e-04   1.196623e-04 
 12   5.982937e-05   5.982937e-05 
 13   2.991424e-05   2.991424e-05 
 14   1.495700e-05   1.495700e-05 
 15   7.478468e-06   7.478468e-06 
 16   3.739205e-06   3.739205e-06 
 17   1.869590e-06   1.869590e-06 
 18   9.347786e-07   9.347786e-07 
 19   4.673646e-07   4.673646e-07 
 20   2.336156e-07   2.336156e-07 
 21   1.171830e-07   1.171830e-07 
 22   5.844252e-08   5.844252e-08 
 23   2.899743e-08   2.899743e-08 
 24   2.134004e-08   2.134004e-08 
 25   1.093496e-08   1.093496e-08 
 26   5.858483e-09   5.858483e-09 
 27   2.480918e-08   2.480918e-08 
 28   9.146499e-09   9.146499e-09 
