2 0.00860507048201975336 0.00860507048201975336 -0.06101268187757783595
4 0.00797044447266225323 0.00797044447266225323 0.00480653431405074234
8 0.00790777193857331202 0.00790777193857331376 0.00773775945916488090
16 0.06302256680383898357 0.06302256680383899745 0.04337036297872415291
32 0.07416357833536206534 0.07416357833536209310 0.07042498092200830118
64 0.08052897664307248626 0.08052897664307250014 0.07840674898494626177
128 0.08050163882024452544 0.08050163882024451156 0.08047007012206730536
256 0.08049788998147243413 0.08049788998147248964 0.08049409540614479996
512 0.08049772827599674385 0.08049772827599664671 0.08049741346311856116
1024 0.08049771894471420552 0.08049771894471409450 0.08049769810871415521
2048 0.08049771837264727004 0.08049771837264736718 0.08049771705232316998
4096 0.08049771833706331758 0.08049771833706340085 0.08049771825426112193
8192 0.08049771833484248296 0.08049771833484230255 0.08049771832966262641
16384 0.08049771833470327487 0.08049771833470360793 0.08049771833437957547
32768 0.08049771833469553106 0.08049771833469480942 0.08049771833467452009
65536 0.08049771833469494819 0.08049771833469428206 0.08049771833469331062
131072 0.08049771833469289428 0.08049771833469442084 0.08049771833469362980
262144 0.08049771833469568372 0.08049771833469467064 0.08049771833469318572
524288 0.08049771833469476778 0.08049771833469311633 0.08049771833469297755
1048576 0.08049771833469178406 0.08049771833469133997 0.08049771833469272775
2097152 0.08049771833469356042 0.08049771833468892523 0.08049771833469525351
4194304 0.08049771833469224203 0.08049771833468200022 0.08049771833469211713
8388608 0.08049771833469400451 0.08049771833469109017 0.08049771833469793192
