432
      2.848800e-02       1.173050e+02       1.274122e+01
      5.004300e-02       2.170069e+02       1.732926e+01
      5.292600e-02       2.309608e+02       1.717502e+01
      7.008600e-02       3.085655e+02       2.336010e+01
      6.266800e-02       3.138209e+02       2.339011e+01
      8.758900e-02       4.423962e+02       3.995185e+01
      7.857700e-02       3.145085e+02       2.336920e+01
      1.722700e-02       8.528526e+01       8.199629e+00
      4.223300e-02       1.850512e+02       1.480918e+01
      4.529500e-02       2.128406e+02       1.680108e+01
      3.648000e-02       1.517275e+02       1.236899e+01
      1.959900e-02       8.261207e+01       7.333908e+00
      1.009150e-01       4.913027e+02       3.935668e+01
      2.734200e-02       1.040287e+02       8.757337e+00
      7.460500e-02       3.293238e+02       2.514441e+01
      2.648900e-02       1.247777e+02       1.149204e+01
      4.992200e-02       2.057760e+02       1.596984e+01
      3.060400e-02       1.288391e+02       1.070348e+01
      1.634564e-02       6.438809e+01       4.380185e+00
      1.543630e-02       6.140301e+01       4.351945e+00
      3.052900e-02       1.317799e+02       5.497582e+00
      2.452500e-02       1.027151e+02       4.961662e+00
      2.395300e-02       9.856939e+01       4.980659e+00
      2.603800e-02       1.184275e+02       6.067673e+00
      4.894800e-02       2.219829e+02       1.835875e+01
      2.431400e-02       1.051717e+02       9.177056e+00
      1.516600e-02       6.612007e+01       6.889733e+00
      3.572000e-02       1.556353e+02       1.276603e+01
      4.881800e-02       1.889740e+02       1.447798e+01
      2.198001e-02       9.345331e+01       8.430139e+00
      1.244000e-01       6.441065e+02       5.061609e+01
      3.600000e-02       1.459498e+02       1.173163e+01
      1.632100e-02       6.360397e+01       6.296040e+00
      1.673000e-02       7.002731e+01       7.091510e+00
      2.750000e-02       1.348780e+02       1.141180e+01
      2.179300e-02       9.880010e+01       1.116307e+01
      1.645000e-02       6.858976e+01       8.400997e+00
      2.320800e-02       1.040180e+02       1.170093e+01
      3.645700e-02       1.685958e+02       1.777268e+01
      1.926400e-02       9.784142e+01       1.146597e+01
      1.760500e-02       7.391952e+01       9.850625e+00
      3.152800e-02       1.398794e+02       1.529721e+01
      2.353600e-02       1.081234e+02       1.234117e+01
      1.674300e-02       6.317505e+01       7.655826e+00
      5.371000e-02       1.973730e+02       2.121574e+01
      1.699100e-02       7.511979e+01       1.152298e+01
      2.786500e-02       1.043940e+02       1.126005e+01
      1.717300e-02       7.114335e+01       8.615248e+00
      2.995500e-02       1.564774e+02       1.703293e+01
      1.655900e-02       7.392082e+01       9.064691e+00
      1.500000e-02       6.803005e+01       5.250946e+00
      5.440000e-02       2.459728e+02       9.948336e+00
      1.561000e-01       7.012144e+02       2.770524e+01
      3.930000e-02       1.848753e+02       8.632735e+00
      1.241000e-01       5.813085e+02       3.066064e+01
      1.441000e-01       5.850708e+02       4.380361e+01
      1.299000e-01       6.249382e+02       3.838634e+01
      7.840000e-02       3.439126e+02       1.409434e+01
      5.830000e-02       2.549917e+02       2.540789e+01
      3.090000e-02       1.534245e+02       1.354324e+01
      4.060000e-02       1.875543e+02       1.548986e+01
      1.520000e-02       6.358883e+01       6.620541e+00
      2.240000e-02       9.759272e+01       1.135539e+01
      1.600000e-02       6.836016e+01       7.327686e+00
      3.620000e-02       1.575339e+02       1.296535e+01
      1.730000e-02       7.078593e+01       7.385606e+00
      3.120000e-02       1.334633e+02       1.154912e+01
      2.210000e-02       9.600856e+01       8.777158e+00
      1.600000e-02       5.819984e+01       5.849363e+00
      2.490000e-02       9.135691e+01       8.515651e+00
      3.030000e-02       1.335526e+02       1.132519e+01
      2.830000e-02       1.270732e+02       1.099029e+01
      1.520000e-02       7.106798e+01       8.359163e+00
      3.450000e-02       1.569094e+02       1.605688e+01
      3.600000e-02       1.367263e+02       1.174977e+01
      2.480000e-02       1.125215e+02       9.984278e+00
      2.920000e-02       1.579477e+02       1.324188e+01
      1.630000e-02       7.774108e+01       8.007864e+00
      1.870000e-02       1.022492e+02       9.720182e+00
      1.950000e-02       8.940923e+01       8.514419e+00
      2.560000e-02       1.370706e+02       1.227041e+01
      3.370000e-02       1.474819e+02       1.272684e+01
      5.460000e-02       2.098513e+02       1.778562e+01
      2.400000e-02       1.084519e+02       1.021776e+01
      3.360000e-02       1.588835e+02       1.441025e+01
      3.410000e-02       1.473605e+02       1.238387e+01
      2.610000e-02       1.180548e+02       1.094159e+01
      2.110000e-02       8.553496e+01       7.752298e+00
      3.210000e-02       1.510772e+02       1.259238e+01
      2.210000e-02       9.647745e+01       8.774165e+00
      3.340000e-02       1.499644e+02       1.264390e+01
      3.410000e-02       1.543505e+02       1.278741e+01
      4.210000e-02       1.905869e+02       1.551364e+01
      5.760000e-02       2.606462e+02       2.016985e+01
      2.050000e-02       8.384092e+01       7.725995e+00
      4.020000e-02       1.883244e+02       1.539579e+01
      2.600000e-02       1.191952e+02       1.053632e+01
      2.590000e-02       1.211138e+02       1.037585e+01
      2.390000e-02       1.016237e+02       8.853707e+00
      6.900000e-02       3.259940e+02       2.754907e+01
      6.510000e-02       2.892932e+02       2.252391e+01
      2.290000e-02       1.094897e+02       9.762142e+00
      3.150000e-02       1.349669e+02       1.105768e+01
      2.150000e-02       9.694988e+01       8.721028e+00
      2.550000e-02       1.393268e+02       1.317259e+01
      3.250000e-02       1.454180e+02       1.187056e+01
      8.430000e-02       4.077240e+02       3.938869e+01
      3.080000e-02       1.335968e+02       1.143731e+01
      3.270000e-02       1.655135e+02       1.343658e+01
      4.230000e-02       1.899176e+02       1.561544e+01
      6.840000e-02       3.517543e+02       2.874840e+01
      1.530000e-02       8.738505e+01       9.016878e+00
      2.330000e-02       9.471652e+01       8.348352e+00
      4.910000e-02       2.218335e+02       1.871119e+01
      4.250000e-02       1.533276e+02       1.442897e+01
      1.920000e-02       8.858000e+01       8.449603e+00
      3.080000e-02       1.431618e+02       1.189441e+01
      2.120000e-02       9.320236e+01       8.594142e+00
      2.770000e-02       1.383569e+02       1.218610e+01
      3.350000e-02       1.565909e+02       1.279005e+01
      2.080000e-02       9.101045e+01       8.855432e+00
      1.730000e-02       7.014766e+01       7.514968e+00
      3.600000e-02       1.695352e+02       1.439792e+01
      2.330000e-02       1.095649e+02       9.784205e+00
      5.890000e-02       2.644414e+02       2.096646e+01
      5.830000e-02       2.580225e+02       2.076643e+01
      6.880000e-02       3.142875e+02       3.000873e+01
      3.210000e-02       1.347769e+02       1.131312e+01
      5.220000e-02       2.162036e+02       1.967388e+01
      3.080000e-02       1.314319e+02       1.086630e+01
      3.290000e-02       1.542957e+02       1.259512e+01
      2.300000e-02       1.033067e+02       9.282872e+00
      1.500000e-02       7.515443e+01       7.911760e+00
      3.210000e-02       1.493043e+02       1.243685e+01
      6.430000e-02       2.723331e+02       2.163624e+01
      3.200000e-02       1.463316e+02       1.360913e+01
      2.090000e-02       8.721269e+01       8.160228e+00
      2.190000e-02       9.328205e+01       8.454152e+00
      3.200000e-02       1.311292e+02       1.090361e+01
      1.510000e-02       8.038501e+01       8.312515e+00
      1.920000e-02       7.912477e+01       7.517693e+00
      2.660000e-02       1.160643e+02       9.898420e+00
      3.770000e-02       1.442258e+02       2.091876e+01
      2.470000e-02       9.610336e+01       8.383764e+00
      2.420000e-02       1.091129e+02       9.439700e+00
      3.660000e-02       1.564077e+02       1.265619e+01
      2.290000e-02       1.065921e+02       9.373357e+00
      3.120000e-02       1.501660e+02       1.251024e+01
      1.500000e-02       6.641745e+01       6.858249e+00
      3.410000e-02       1.425919e+02       1.215027e+01
      2.510000e-02       9.764613e+01       8.401160e+00
      1.890000e-02       7.497912e+01       7.597036e+00
      2.980214e-02       1.242179e+02       7.192445e+00
      3.213402e-02       1.190215e+02       7.198404e+00
      2.756873e-02       1.244785e+02       7.565279e+00
      4.696733e-02       1.990136e+02       1.037092e+01
      1.831523e-02       7.487744e+01       5.742779e+00
      8.004814e-02       3.444624e+02       1.656114e+01
      2.418530e-02       1.024389e+02       6.488874e+00
      1.502704e-02       6.166494e+01       5.271362e+00
      2.839603e-02       1.287152e+02       7.639341e+00
      4.497667e-02       2.042110e+02       1.044728e+01
      3.291237e-02       1.561602e+02       8.729385e+00
      7.535011e-02       3.281089e+02       1.582338e+01
      2.037472e-02       8.536675e+01       5.920352e+00
      2.297117e-02       1.063596e+02       6.855635e+00
      2.680920e-02       1.127276e+02       6.837979e+00
      1.793128e-02       7.412488e+01       5.499633e+00
      4.839220e-02       2.173536e+02       1.226653e+01
      5.668337e-02       2.470157e+02       1.284389e+01
      6.386408e-02       2.905282e+02       1.645265e+01
      1.462903e-01       8.162100e+02       4.647383e+01
      1.292782e-01       6.075754e+02       3.879388e+01
      1.027150e-01       4.982553e+02       2.828356e+01
      2.425047e-01       1.061914e+03       7.642694e+01
      2.984093e-01       1.631098e+03       1.704414e+02
      4.371891e-02       1.893709e+02       1.142558e+01
      1.130426e-01       5.132049e+02       2.896860e+01
      2.564757e-01       1.324856e+03       9.886840e+01
      2.955856e-01       1.688154e+03       1.757564e+02
      3.803595e-01       2.145358e+03       2.264628e+02
      1.456685e-01       6.476541e+02       3.861295e+01
      2.734548e-01       1.397757e+03       1.094237e+02
      2.975188e-01       1.427056e+03       1.414211e+02
      3.789658e-01       2.071561e+03       1.968228e+02
      3.804165e-01       1.796669e+03       1.720320e+02
      3.017550e-01       1.989583e+03       2.394390e+02
      3.483450e-01       1.826242e+03       1.926510e+02
      8.568946e-02       3.976332e+02       2.188972e+01
      2.605861e-01       1.272429e+03       8.573610e+01
      2.155433e-01       1.146320e+03       7.645740e+01
      1.176253e-01       5.198568e+02       2.792263e+01
      1.822182e-01       8.293995e+02       4.685581e+01
      3.575074e-01       1.844030e+03       1.803196e+02
      1.417880e-01       7.157515e+02       4.050072e+01
      2.605335e-01       1.450864e+03       1.025334e+02
      2.327811e-01       1.098768e+03       7.955313e+01
      1.518579e-01       6.778876e+02       3.648889e+01
      9.390863e-02       4.310862e+02       2.406396e+01
      2.866187e-01       1.613175e+03       1.025257e+02
      1.943165e-01       9.824354e+02       5.887156e+01
      1.470251e-01       7.256326e+02       3.828804e+01
      2.115870e-01       1.294389e+03       9.854248e+01
      1.801198e-01       8.466727e+02       4.627826e+01
      2.634910e-01       1.423851e+03       8.596200e+01
      1.921500e-01       1.018225e+03       5.839200e+01
      3.388026e-01       1.824208e+03       1.493779e+02
      1.172774e-01       5.612893e+02       3.017329e+01
      1.424047e-01       6.657259e+02       3.577413e+01
      1.608619e-01       7.308617e+02       4.104388e+01
      2.884183e-01       1.474202e+03       1.051421e+02
      1.228289e-01       5.753842e+02       3.299033e+01
      2.636480e-01       1.287168e+03       8.560887e+01
      1.264732e-01       5.521967e+02       3.115970e+01
      1.727422e-01       7.954030e+02       4.266417e+01
      1.637959e-01       7.566806e+02       4.046853e+01
      2.495111e-01       1.432798e+03       9.002550e+01
      2.577403e-01       1.349882e+03       8.717505e+01
      1.067123e-01       5.337445e+02       2.970850e+01
      1.598899e-01       7.415098e+02       4.023735e+01
      2.049797e-01       1.011347e+03       5.919959e+01
      2.443789e-01       1.097453e+03       6.465882e+01
      2.485081e-01       1.133535e+03       6.752320e+01
      2.285285e-01       1.124312e+03       6.498169e+01
      8.585464e-02       3.894833e+02       2.072724e+01
      6.183576e-02       2.668080e+02       1.459898e+01
      2.778534e-01       1.470963e+03       1.190497e+02
      2.754402e-01       1.408245e+03       9.581981e+01
      1.552473e-01       7.302374e+02       3.986278e+01
      3.305124e-01       1.760305e+03       1.317452e+02
      3.619343e-01       1.891867e+03       1.507126e+02
      3.306346e-01       1.623499e+03       1.182753e+02
      1.446211e-01       7.213831e+02       3.843803e+01
      3.892888e-01       2.091827e+03       2.027322e+02
      1.739101e-01       8.060987e+02       4.932598e+01
      3.003127e-01       1.476963e+03       1.067257e+02
      1.163485e-01       5.613421e+02       2.979313e+01
      2.185852e-01       1.096023e+03       6.073483e+01
      1.196715e-01       5.637773e+02       2.949708e+01
      1.546321e-01       7.324703e+02       3.878738e+01
      4.083191e-01       2.333774e+03       2.326754e+02
      1.776007e-01       1.033083e+03       6.112036e+01
      2.506676e-01       1.409680e+03       8.076081e+01
      2.517402e-01       1.283348e+03       7.194269e+01
      3.915992e-01       2.003297e+03       1.646977e+02
      1.287267e-01       5.927138e+02       3.065880e+01
      3.996013e-01       2.216971e+03       2.196417e+02
      3.094926e-01       1.598227e+03       1.024839e+02
      1.706284e-01       7.851995e+02       4.322959e+01
      2.789247e-01       1.424184e+03       8.797515e+01
      3.085809e-01       1.518883e+03       1.294877e+02
      1.858124e-01       9.221881e+02       5.269618e+01
      6.644031e-02       2.981405e+02       1.658900e+01
      3.164298e-01       1.901143e+03       1.765817e+02
      2.574979e-01       1.314719e+03       8.200841e+01
      2.987774e-01       1.606466e+03       1.184936e+02
      2.704344e-01       1.360808e+03       9.429064e+01
      2.794547e-01       1.259670e+03       8.310034e+01
      2.924698e-01       1.526897e+03       1.027362e+02
      1.888532e-01       9.086727e+02       5.151437e+01
      2.657625e-01       1.257853e+03       7.441220e+01
      1.242735e-01       5.546224e+02       2.912422e+01
      1.825489e-01       9.053246e+02       4.883483e+01
      3.128834e-01       1.595474e+03       1.058657e+02
      3.095473e-01       1.731854e+03       1.272931e+02
      8.901943e-02       3.678668e+02       2.044191e+01
      4.024596e-01       2.411178e+03       2.463936e+02
      2.006117e-01       9.342828e+02       5.895177e+01
      3.263965e-01       1.564807e+03       1.075862e+02
      2.116296e-01       9.908797e+02       5.400403e+01
      1.796856e-01       8.794112e+02       4.867640e+01
      9.314940e-02       4.530882e+02       2.452192e+01
      3.024016e-01       1.609311e+03       1.031552e+02
      1.086383e-01       5.371555e+02       3.038644e+01
      8.569612e-02       3.969706e+02       2.216311e+01
      2.026087e-01       9.852623e+02       6.021193e+01
      1.967161e-01       9.657917e+02       6.194082e+01
      1.266880e-01       6.067946e+02       3.564036e+01
      2.145683e-01       1.097413e+03       6.074439e+01
      3.204470e-01       1.661717e+03       1.060830e+02
      2.183474e-01       1.107057e+03       6.528489e+01
      1.897066e-01       9.725513e+02       5.510781e+01
      9.293682e-02       4.257611e+02       2.397324e+01
      3.796623e-01       1.934694e+03       1.357154e+02
      2.109384e-01       9.926303e+02       5.679440e+01
      3.666029e-01       2.354894e+03       2.252994e+02
      4.209268e-01       2.671220e+03       2.608467e+02
      2.580283e-01       1.345661e+03       8.770590e+01
      1.835684e-01       8.753045e+02       5.134247e+01
      2.125488e-01       1.041163e+03       6.503817e+01
      3.600342e-01       1.703963e+03       1.430493e+02
      3.939745e-01       2.271071e+03       1.632182e+02
      1.147126e-01       5.417751e+02       2.903744e+01
      1.437059e-01       6.873123e+02       3.781876e+01
      2.524861e-01       1.269651e+03       8.770694e+01
      3.872971e-01       2.390524e+03       2.143042e+02
      3.485839e-01       1.820490e+03       1.549447e+02
      2.554906e-01       1.250803e+03       9.005377e+01
      2.165828e-01       1.180468e+03       8.587162e+01
      4.300000e-01       1.835573e+03       3.288253e+02
      3.000000e-01       1.557970e+03       2.431067e+02
      3.800000e-01       2.586040e+03       4.214339e+02
      4.300000e-01       3.017924e+03       7.092003e+02
      2.400000e-01       1.407467e+03       2.868984e+02
      4.400000e-01       2.569843e+03       4.077517e+02
      5.000000e-01       2.968935e+03       4.671834e+02
      4.790000e-01       2.953599e+03       5.296041e+02
      4.160000e-01       3.052976e+03       8.915231e+02
      4.500000e-01       2.324868e+03       5.402249e+02
      3.200000e-01       1.773866e+03       3.795127e+02
      4.300000e-01       2.255420e+03       7.292285e+02
      4.720000e-01       2.476468e+03       6.620692e+02
      3.740000e-01       4.335338e+03       2.296940e+03
      1.800000e-01       1.091198e+03       2.484573e+02
      1.720000e-01       7.251790e+02       1.586882e+02
      5.260000e-01       2.461593e+03       6.569524e+02
      4.300000e-01       2.292911e+03       5.394474e+02
      4.500000e-01       2.845736e+03       8.883489e+02
      4.950000e-01       2.653271e+03       6.014391e+02
      4.900000e-01       2.277650e+03       5.199389e+02
      3.880000e-01       2.763903e+03       6.600387e+02
      4.500000e-01       3.023358e+03       7.973838e+02
      4.800000e-01       2.703894e+03       7.338518e+02
      4.000000e-01       2.901038e+03       7.136534e+02
      4.980000e-01       3.951337e+03       1.360263e+03
      4.650000e-01       2.317569e+03       7.376250e+02
      4.530000e-01       3.666416e+03       1.002589e+03
      4.250000e-01       1.739507e+03       4.394869e+02
      5.140000e-01       3.607769e+03       9.210598e+02
      4.230000e-01       2.056389e+03       2.441048e+02
      5.280000e-01       3.096492e+03       3.687063e+02
      3.396000e-01       1.647383e+03       1.811389e+02
      3.965000e-01       1.984194e+03       1.938123e+02
      1.780000e-01       7.779616e+02       8.921464e+01
      2.600000e-01       1.461077e+03       1.408527e+02
      1.860000e-01       8.758578e+02       7.966758e+01
      2.690000e-01       1.429659e+03       1.791800e+02
      2.150000e-01       1.190177e+03       1.111857e+02
      5.430000e-01       3.131563e+03       1.447806e+02
      4.300000e-01       2.734166e+03       1.930791e+02
      4.970000e-01       2.916827e+03       2.345960e+02
      4.400000e-01       2.524233e+03       1.280900e+02
      3.550000e-01       1.855506e+03       1.803921e+02
      5.400000e-01       3.054388e+03       1.610089e+02
      4.680000e-01       3.234303e+03       2.535941e+02
      4.510000e-01       2.287362e+03       1.557651e+02
      4.150000e-01       2.373308e+03       1.593284e+02
      2.486000e-01       1.325065e+03       9.772356e+01
      5.320000e-01       3.259591e+03       2.600091e+02
      3.310000e-01       1.643214e+03       1.075801e+02
      3.460000e-01       1.874672e+03       1.361237e+02
      3.402000e-01       1.843395e+03       1.187344e+02
      4.700000e-01       2.672464e+03       1.954081e+02
      5.210000e-01       2.729140e+03       2.100332e+02
      3.690000e-01       2.122289e+03       1.545554e+02
      2.850000e-01       1.482002e+03       9.621824e+01
      2.912000e-01       1.471678e+03       1.028040e+02
      5.480000e-01       2.879120e+03       2.609110e+02
      4.960000e-01       2.772906e+03       2.021700e+02
      3.578000e-01       1.936341e+03       1.252432e+02
      4.300000e-01       2.302418e+03       1.658971e+02
      5.260000e-01       3.020245e+03       2.413557e+02
      4.607000e-01       2.596171e+03       2.260160e+02
      3.709000e-01       2.156954e+03       1.594147e+02
      3.373000e-01       1.815090e+03       1.184194e+02
      2.630000e-01       1.339474e+03       8.563428e+01
      3.570000e-01       1.927994e+03       1.262403e+02
      4.627000e-01       2.561280e+03       1.801099e+02
      4.490000e-01       2.538713e+03       1.904295e+02
      5.043000e-01       2.935216e+03       2.093128e+02
      4.260000e-01       2.250689e+03       2.456274e+02
      3.290000e-01       1.853751e+03       2.452511e+02
      5.190000e-01       4.114357e+03       6.411242e+02
      4.010000e-01       2.183157e+03       2.431553e+02
      2.050000e-01       9.566518e+02       1.006727e+02
      3.400000e-01       1.748380e+03       1.937307e+02
      4.360000e-01       2.376858e+03       2.492345e+02
      3.630000e-01       2.043596e+03       2.056125e+02
      4.360000e-01       2.427470e+03       2.690672e+02
      3.090000e-01       1.716956e+03       1.969647e+02
      3.420000e-01       1.891993e+03       1.967336e+02
      1.590000e-01       7.643158e+02       9.035415e+01
      3.320000e-01       1.782771e+03       2.082518e+02
      4.690000e-01       2.957306e+03       4.118936e+02
      2.390000e-01       1.126745e+03       1.110800e+02
      3.520000e-01       1.926442e+03       2.095235e+02
      4.290000e-01       2.387854e+03       2.490969e+02
      4.970000e-01       2.601086e+03       2.795094e+02
      5.390000e-01       2.788256e+03       3.284240e+02
      4.100000e-01       1.859939e+03       2.336669e+02
      4.120000e-01       1.926382e+03       2.977148e+02
      4.220000e-01       2.216470e+03       2.484602e+02
      5.400000e-01       3.178577e+03       4.423671e+02
      4.010000e-01       3.242829e+03       6.022286e+02
      2.180000e-01       1.035336e+03       1.115649e+02
      3.830000e-01       2.130133e+03       2.610277e+02
      3.020000e-01       1.828772e+03       2.443692e+02
      3.400000e-01       1.644404e+03       1.847376e+02
      5.100000e-01       2.377591e+03       2.617143e+02
      4.210000e-01       2.674277e+03       4.274771e+02
      3.990000e-01       1.984341e+03       2.866047e+02
      4.930000e-01       2.687713e+03       3.473968e+02
      4.950000e-01       2.816649e+03       3.180967e+02
      4.210000e-01       2.728510e+03       3.101370e+02
      3.480000e-01       2.079339e+03       2.189802e+02
      2.130000e-01       1.051497e+03       1.139126e+02
      3.440000e-01       1.716225e+03       1.740665e+02
      2.710000e-01       1.277793e+03       1.331644e+02
      2.740000e-01       1.396144e+03       1.408225e+02
      1.810000e-01       8.641273e+02       9.526323e+01
      4.010000e-01       2.438521e+03       4.039382e+02
      4.160000e-01       2.048837e+03       3.070683e+02
      2.860000e-01       1.746732e+03       2.204982e+02
      2.660000e-01       1.197130e+03       1.462125e+02
      3.140000e-01       1.763574e+03       2.082423e+02
      4.630000e-01       2.452171e+03       3.201508e+02
      3.410000e-01       1.578711e+03       1.719559e+02
      5.220000e-01       3.431358e+03       4.136408e+02
      3.680000e-01       1.965799e+03       1.967965e+02
      3.090000e-01       1.486466e+03       1.546060e+02
      5.280000e-01       2.978094e+03       4.453973e+02
      2.160000e-01       1.204985e+03       1.255430e+02
      2.840000e-01       1.469185e+03       1.466600e+02
      5.080000e-01       2.746971e+03       3.094102e+02
      2.780000e-01       1.297921e+03       1.242075e+02
      4.770000e-01       2.575532e+03       2.272347e+02
      4.550000e-01       2.915993e+03       3.252529e+02
      4.600000e-01       2.689614e+03       2.732318e+02
      5.210000e-01       2.989847e+03       2.874469e+02
      4.750000e-01       2.636187e+03       3.297907e+02
      2.160000e-01       1.291842e+03       1.536955e+02
      5.110000e-01       2.983542e+03       1.249124e+02
