1.666667 
0.010000  10.902921  
0.011558  10.384025  
0.013116  9.950207  
0.014673  9.579561  
0.016231  9.257441  
0.017789  8.973614  
0.019347  8.720676  
0.020905  8.493111  
0.022462  8.286711  
0.024020  8.098198  
0.025578  7.924974  
0.027136  7.764949  
0.028693  7.616418  
0.030251  7.477974  
0.031809  7.348444  
0.033367  7.226839  
0.034925  7.112322  
0.036482  7.004174  
0.038040  6.901778  
0.039598  6.804598  
0.041156  6.712165  
0.042714  6.624071  
0.044271  6.539953  
0.045829  6.459491  
0.047387  6.382402  
0.048945  6.308431  
0.050503  6.237351  
0.052060  6.168957  
0.053618  6.103064  
0.055176  6.039505  
0.056734  5.978128  
0.058291  5.918795  
0.059849  5.861381  
0.061407  5.805770  
0.062965  5.751856  
0.064523  5.699542  
0.066080  5.648738  
0.067638  5.599363  
0.069196  5.551339  
0.070754  5.504597  
0.072312  5.459069  
0.073869  5.414697  
0.075427  5.371422  
0.076985  5.329191  
0.078543  5.287956  
0.080101  5.247671  
0.081658  5.208291  
0.083216  5.169776  
0.084774  5.132089  
0.086332  5.095194  
0.087889  5.059056  
0.089447  5.023645  
0.091005  4.988930  
0.092563  4.954883  
0.094121  4.921477  
0.095678  4.888688  
0.097236  4.856491  
0.098794  4.824863  
0.100352  4.793784  
0.101910  4.763233  
0.103467  4.733190  
0.105025  4.703637  
0.106583  4.674556  
0.108141  4.645931  
0.109698  4.617746  
0.111256  4.589986  
0.112814  4.562636  
0.114372  4.535682  
0.115930  4.509111  
0.117487  4.482911  
0.119045  4.457069  
0.120603  4.431574  
0.122161  4.406414  
0.123719  4.381578  
0.125276  4.357058  
0.126834  4.332842  
0.128392  4.308921  
0.129950  4.285287  
0.131508  4.261929  
0.133065  4.238841  
0.134623  4.216014  
0.136181  4.193439  
0.137739  4.171110  
0.139296  4.149019  
0.140854  4.127159  
0.142412  4.105524  
0.143970  4.084106  
0.145528  4.062900  
0.147085  4.041898  
0.148643  4.021097  
0.150201  4.000488  
0.151759  3.980068  
0.153317  3.959830  
0.154874  3.939769  
0.156432  3.919881  
0.157990  3.900160  
0.159548  3.880601  
0.161106  3.861200  
0.162663  3.841952  
0.164221  3.822852  
0.165779  3.803897  
0.167337  3.785083  
0.168894  3.766404  
0.170452  3.747857  
0.172010  3.729438  
0.173568  3.711144  
0.175126  3.692970  
0.176683  3.674913  
0.178241  3.656969  
0.179799  3.639135  
0.181357  3.621407  
0.182915  3.603782  
0.184472  3.586257  
0.186030  3.568828  
0.187588  3.551492  
0.189146  3.534245  
0.190704  3.517086  
0.192261  3.500011  
0.193819  3.483016  
0.195377  3.466099  
0.196935  3.449256  
0.198492  3.432485  
0.200050  3.415784  
0.201608  3.399148  
0.203166  3.382576  
0.204724  3.366063  
0.206281  3.349609  
0.207839  3.333209  
0.209397  3.316861  
0.210955  3.300562  
0.212513  3.284309  
0.214070  3.268100  
0.215628  3.251932  
0.217186  3.235801  
0.218744  3.219706  
0.220302  3.203643  
0.221859  3.187610  
0.223417  3.171603  
0.224975  3.155620  
0.226533  3.139658  
0.228090  3.123713  
0.229648  3.107784  
0.231206  3.091866  
0.232764  3.075957  
0.234322  3.060053  
0.235879  3.044152  
0.237437  3.028250  
0.238995  3.012343  
0.240553  2.996429  
0.242111  2.980504  
0.243668  2.964563  
0.245226  2.948604  
0.246784  2.932622  
0.248342  2.916614  
0.249899  2.900575  
0.251457  2.884501  
0.253015  2.868387  
0.254573  2.852229  
0.256131  2.836022  
0.257688  2.819761  
0.259246  2.803440  
0.260804  2.787054  
0.262362  2.770597  
0.263920  2.754062  
0.265477  2.737444  
0.267035  2.720734  
0.268593  2.703925  
0.270151  2.687010  
0.271709  2.669980  
0.273266  2.652825  
0.274824  2.635535  
0.276382  2.618101  
0.277940  2.600510  
0.279497  2.582750  
0.281055  2.564807  
0.282613  2.546666  
0.284171  2.528310  
0.285729  2.509722  
0.287286  2.490880  
0.288844  2.471762  
0.290402  2.452343  
0.291960  2.432594  
0.293518  2.412482  
0.295075  2.391969  
0.296633  2.371013  
0.298191  2.349562  
0.299749  2.327557  
0.301307  2.304927  
0.302864  2.281586  
0.304422  2.257427  
0.305980  2.232319  
0.307538  2.206092  
0.309095  2.178521  
0.310653  2.149301  
0.312211  2.117995  
0.313769  2.083943  
0.315327  2.046051  
0.316884  2.002249  
0.318442  1.947531  
0.320000  1.856587  
