1.666667   0.300000 
 0.0000000e+00    1.0000000e+00    3.6096721e-02 
 9.0779349e-03    1.0000093e+00    3.6094216e-02 
 1.8155870e-02    1.0000467e+00    3.6088759e-02 
 2.7233805e-02    1.0001090e+00    3.6079665e-02 
 3.6311740e-02    1.0001962e+00    3.6066936e-02 
 4.5389675e-02    1.0003083e+00    3.6050576e-02 
 5.4467610e-02    1.0004453e+00    3.6030588e-02 
 6.3545544e-02    1.0006071e+00    3.6006976e-02 
 7.2623479e-02    1.0007937e+00    3.5979747e-02 
 8.1701414e-02    1.0010052e+00    3.5948906e-02 
 9.0779349e-02    1.0012415e+00    3.5914461e-02 
 9.9857284e-02    1.0015024e+00    3.5876420e-02 
 1.0893522e-01    1.0017881e+00    3.5834791e-02 
 1.1801315e-01    1.0020985e+00    3.5789584e-02 
 1.2709109e-01    1.0024335e+00    3.5740810e-02 
 1.3616902e-01    1.0027931e+00    3.5688481e-02 
 1.4524696e-01    1.0031772e+00    3.5632607e-02 
 1.5432489e-01    1.0035857e+00    3.5573203e-02 
 1.6340283e-01    1.0040187e+00    3.5510282e-02 
 1.7248076e-01    1.0044760e+00    3.5443858e-02 
 1.8155870e-01    1.0049576e+00    3.5373948e-02 
 1.9063663e-01    1.0054635e+00    3.5300567e-02 
 1.9971457e-01    1.0059934e+00    3.5223733e-02 
 2.0879250e-01    1.0065474e+00    3.5143463e-02 
 2.1787044e-01    1.0071254e+00    3.5059776e-02 
 2.2694837e-01    1.0077272e+00    3.4972692e-02 
 2.3602631e-01    1.0083529e+00    3.4882231e-02 
 2.4510424e-01    1.0090023e+00    3.4788414e-02 
 2.5418218e-01    1.0096752e+00    3.4691263e-02 
 2.6326011e-01    1.0103717e+00    3.4590800e-02 
 2.7233805e-01    1.0110915e+00    3.4487050e-02 
 2.8141598e-01    1.0118346e+00    3.4380036e-02 
 2.9049392e-01    1.0126008e+00    3.4269783e-02 
 2.9957185e-01    1.0133901e+00    3.4156318e-02 
 3.0864979e-01    1.0142023e+00    3.4039666e-02 
 3.1772772e-01    1.0150372e+00    3.3919855e-02 
 3.2680566e-01    1.0158948e+00    3.3796913e-02 
 3.3588359e-01    1.0167748e+00    3.3670869e-02 
 3.4496153e-01    1.0176772e+00    3.3541752e-02 
 3.5403946e-01    1.0186018e+00    3.3409592e-02 
 3.6311740e-01    1.0195484e+00    3.3274422e-02 
 3.7219533e-01    1.0205169e+00    3.3136271e-02 
 3.8127327e-01    1.0215070e+00    3.2995173e-02 
 3.9035120e-01    1.0225187e+00    3.2851160e-02 
 3.9942914e-01    1.0235517e+00    3.2704267e-02 
 4.0850707e-01    1.0246058e+00    3.2554528e-02 
 4.1758501e-01    1.0256809e+00    3.2401978e-02 
 4.2666294e-01    1.0267767e+00    3.2246652e-02 
 4.3574088e-01    1.0278931e+00    3.2088589e-02 
 4.4481881e-01    1.0290298e+00    3.1927824e-02 
 4.5389675e-01    1.0301866e+00    3.1764395e-02 
 4.6297468e-01    1.0313634e+00    3.1598340e-02 
 4.7205262e-01    1.0325598e+00    3.1429700e-02 
 4.8113055e-01    1.0337756e+00    3.1258513e-02 
 4.9020849e-01    1.0350106e+00    3.1084820e-02 
 4.9928642e-01    1.0362645e+00    3.0908661e-02 
 5.0836436e-01    1.0375372e+00    3.0730078e-02 
 5.1744229e-01    1.0388282e+00    3.0549114e-02 
 5.2652023e-01    1.0401374e+00    3.0365809e-02 
 5.3559816e-01    1.0414644e+00    3.0180209e-02 
 5.4467610e-01    1.0428090e+00    2.9992355e-02 
 5.5375403e-01    1.0441709e+00    2.9802293e-02 
 5.6283196e-01    1.0455498e+00    2.9610068e-02 
 5.7190990e-01    1.0469454e+00    2.9415723e-02 
 5.8098783e-01    1.0483573e+00    2.9219306e-02 
 5.9006577e-01    1.0497853e+00    2.9020861e-02 
 5.9914370e-01    1.0512290e+00    2.8820437e-02 
 6.0822164e-01    1.0526881e+00    2.8618079e-02 
 6.1729957e-01    1.0541622e+00    2.8413835e-02 
 6.2637751e-01    1.0556510e+00    2.8207754e-02 
 6.3545544e-01    1.0571542e+00    2.7999883e-02 
 6.4453338e-01    1.0586713e+00    2.7790271e-02 
 6.5361131e-01    1.0602020e+00    2.7578968e-02 
 6.6268925e-01    1.0617458e+00    2.7366022e-02 
 6.7176718e-01    1.0633026e+00    2.7151483e-02 
 6.8084512e-01    1.0648717e+00    2.6935402e-02 
 6.8992305e-01    1.0664528e+00    2.6717829e-02 
 6.9900099e-01    1.0680456e+00    2.6498814e-02 
 7.0807892e-01    1.0696495e+00    2.6278409e-02 
 7.1715686e-01    1.0712642e+00    2.6056664e-02 
 7.2623479e-01    1.0728892e+00    2.5833631e-02 
 7.3531273e-01    1.0745240e+00    2.5609362e-02 
 7.4439066e-01    1.0761683e+00    2.5383909e-02 
 7.5346860e-01    1.0778216e+00    2.5157323e-02 
 7.6254653e-01    1.0794833e+00    2.4929658e-02 
 7.7162447e-01    1.0811531e+00    2.4700964e-02 
 7.8070240e-01    1.0828305e+00    2.4471295e-02 
 7.8978034e-01    1.0845149e+00    2.4240704e-02 
 7.9885827e-01    1.0862059e+00    2.4009242e-02 
 8.0793621e-01    1.0879029e+00    2.3776963e-02 
 8.1701414e-01    1.0896056e+00    2.3543920e-02 
 8.2609208e-01    1.0913132e+00    2.3310166e-02 
 8.3517001e-01    1.0930254e+00    2.3075752e-02 
 8.4424795e-01    1.0947416e+00    2.2840733e-02 
 8.5332588e-01    1.0964613e+00    2.2605160e-02 
 8.6240382e-01    1.0981840e+00    2.2369087e-02 
 8.7148175e-01    1.0999090e+00    2.2132566e-02 
 8.8055969e-01    1.1016359e+00    2.1895650e-02 
 8.8963762e-01    1.1033640e+00    2.1658392e-02 
 8.9871556e-01    1.1050930e+00    2.1420843e-02 
 9.0779349e-01    1.1068220e+00    2.1183056e-02 
 9.1687143e-01    1.1085507e+00    2.0945083e-02 
 9.2594936e-01    1.1102785e+00    2.0706975e-02 
 9.3502730e-01    1.1120047e+00    2.0468785e-02 
 9.4410523e-01    1.1137288e+00    2.0230563e-02 
 9.5318317e-01    1.1154502e+00    1.9992360e-02 
 9.6226110e-01    1.1171683e+00    1.9754228e-02 
 9.7133904e-01    1.1188825e+00    1.9516216e-02 
 9.8041697e-01    1.1205923e+00    1.9278375e-02 
 9.8949491e-01    1.1222971e+00    1.9040755e-02 
 9.9857284e-01    1.1239962e+00    1.8803405e-02 
 1.0076508e+00    1.1256891e+00    1.8566374e-02 
 1.0167287e+00    1.1273752e+00    1.8329710e-02 
 1.0258066e+00    1.1290538e+00    1.8093463e-02 
 1.0348846e+00    1.1307245e+00    1.7857679e-02 
 1.0439625e+00    1.1323866e+00    1.7622406e-02 
 1.0530405e+00    1.1340395e+00    1.7387690e-02 
 1.0621184e+00    1.1356826e+00    1.7153578e-02 
 1.0711963e+00    1.1373153e+00    1.6920115e-02 
 1.0802743e+00    1.1389371e+00    1.6687347e-02 
 1.0893522e+00    1.1405474e+00    1.6455318e-02 
 1.0984301e+00    1.1421455e+00    1.6224073e-02 
 1.1075081e+00    1.1437310e+00    1.5993653e-02 
 1.1165860e+00    1.1453032e+00    1.5764104e-02 
 1.1256639e+00    1.1468616e+00    1.5535465e-02 
 1.1347419e+00    1.1484056e+00    1.5307780e-02 
 1.1438198e+00    1.1499347e+00    1.5081088e-02 
 1.1528977e+00    1.1514482e+00    1.4855430e-02 
 1.1619757e+00    1.1529458e+00    1.4630845e-02 
 1.1710536e+00    1.1544268e+00    1.4407371e-02 
 1.1801315e+00    1.1558906e+00    1.4185048e-02 
 1.1892095e+00    1.1573369e+00    1.3963911e-02 
 1.1982874e+00    1.1587650e+00    1.3743998e-02 
 1.2073653e+00    1.1601745e+00    1.3525344e-02 
 1.2164433e+00    1.1615649e+00    1.3307984e-02 
 1.2255212e+00    1.1629356e+00    1.3091951e-02 
 1.2345991e+00    1.1642863e+00    1.2877280e-02 
 1.2436771e+00    1.1656164e+00    1.2664002e-02 
 1.2527550e+00    1.1669255e+00    1.2452150e-02 
 1.2618330e+00    1.1682132e+00    1.2241753e-02 
 1.2709109e+00    1.1694790e+00    1.2032842e-02 
 1.2799888e+00    1.1707225e+00    1.1825447e-02 
 1.2890668e+00    1.1719433e+00    1.1619594e-02 
 1.2981447e+00    1.1731410e+00    1.1415312e-02 
 1.3072226e+00    1.1743153e+00    1.1212627e-02 
 1.3163006e+00    1.1754657e+00    1.1011564e-02 
 1.3253785e+00    1.1765919e+00    1.0812149e-02 
 1.3344564e+00    1.1776936e+00    1.0614405e-02 
 1.3435344e+00    1.1787705e+00    1.0418355e-02 
 1.3526123e+00    1.1798222e+00    1.0224021e-02 
 1.3616902e+00    1.1808484e+00    1.0031424e-02 
 1.3707682e+00    1.1818489e+00    9.8405849e-03 
 1.3798461e+00    1.1828235e+00    9.6515229e-03 
 1.3889240e+00    1.1837718e+00    9.4642564e-03 
 1.3980020e+00    1.1846936e+00    9.2788031e-03 
 1.4070799e+00    1.1855887e+00    9.0951796e-03 
 1.4161578e+00    1.1864570e+00    8.9134019e-03 
 1.4252358e+00    1.1872981e+00    8.7334850e-03 
 1.4343137e+00    1.1881121e+00    8.5554430e-03 
 1.4433917e+00    1.1888986e+00    8.3792891e-03 
 1.4524696e+00    1.1896576e+00    8.2050358e-03 
 1.4615475e+00    1.1903890e+00    8.0326946e-03 
 1.4706255e+00    1.1910926e+00    7.8622762e-03 
 1.4797034e+00    1.1917684e+00    7.6937905e-03 
 1.4887813e+00    1.1924163e+00    7.5272466e-03 
 1.4978593e+00    1.1930362e+00    7.3626525e-03 
 1.5069372e+00    1.1936281e+00    7.2000159e-03 
 1.5160151e+00    1.1941920e+00    7.0393432e-03 
 1.5250931e+00    1.1947279e+00    6.8806404e-03 
 1.5341710e+00    1.1952358e+00    6.7239123e-03 
 1.5432489e+00    1.1957156e+00    6.5691635e-03 
 1.5523269e+00    1.1961675e+00    6.4163973e-03 
 1.5614048e+00    1.1965916e+00    6.2656166e-03 
 1.5704827e+00    1.1969878e+00    6.1168234e-03 
 1.5795607e+00    1.1973562e+00    5.9700191e-03 
 1.5886386e+00    1.1976970e+00    5.8252043e-03 
 1.5977165e+00    1.1980103e+00    5.6823791e-03 
 1.6067945e+00    1.1982963e+00    5.5415426e-03 
 1.6158724e+00    1.1985549e+00    5.4026936e-03 
 1.6249504e+00    1.1987865e+00    5.2658301e-03 
 1.6340283e+00    1.1989912e+00    5.1309493e-03 
 1.6431062e+00    1.1991691e+00    4.9980482e-03 
 1.6521842e+00    1.1993205e+00    4.8671229e-03 
 1.6612621e+00    1.1994456e+00    4.7381689e-03 
 1.6703400e+00    1.1995445e+00    4.6111814e-03 
 1.6794180e+00    1.1996176e+00    4.4861549e-03 
 1.6884959e+00    1.1996651e+00    4.3630832e-03 
 1.6975738e+00    1.1996872e+00    4.2419600e-03 
 1.7066518e+00    1.1996841e+00    4.1227782e-03 
 1.7157297e+00    1.1996563e+00    4.0055302e-03 
 1.7248076e+00    1.1996039e+00    3.8902083e-03 
 1.7338856e+00    1.1995273e+00    3.7768039e-03 
 1.7429635e+00    1.1994267e+00    3.6653083e-03 
 1.7520414e+00    1.1993025e+00    3.5557123e-03 
 1.7611194e+00    1.1991550e+00    3.4480064e-03 
 1.7701973e+00    1.1989846e+00    3.3421806e-03 
 1.7792752e+00    1.1987915e+00    3.2382245e-03 
 1.7883532e+00    1.1985761e+00    3.1361277e-03 
 1.7974311e+00    1.1983388e+00    3.0358792e-03 
 1.8065090e+00    1.1980799e+00    2.9374677e-03 
 1.8155870e+00    1.1977999e+00    2.8408818e-03 
 1.8246649e+00    1.1974990e+00    2.7461098e-03 
 1.8337429e+00    1.1971776e+00    2.6531397e-03 
 1.8428208e+00    1.1968362e+00    2.5619593e-03 
 1.8518987e+00    1.1964751e+00    2.4725562e-03 
 1.8609767e+00    1.1960948e+00    2.3849178e-03 
 1.8700546e+00    1.1956956e+00    2.2990316e-03 
 1.8791325e+00    1.1952778e+00    2.2148844e-03 
 1.8882105e+00    1.1948421e+00    2.1324635e-03 
 1.8972884e+00    1.1943886e+00    2.0517557e-03 
 1.9063663e+00    1.1939179e+00    1.9727478e-03 
 1.9154443e+00    1.1934304e+00    1.8954267e-03 
 1.9245222e+00    1.1929264e+00    1.8197789e-03 
 1.9336001e+00    1.1924065e+00    1.7457913e-03 
 1.9426781e+00    1.1918710e+00    1.6734505e-03 
 1.9517560e+00    1.1913203e+00    1.6027433e-03 
 1.9608339e+00    1.1907549e+00    1.5336563e-03 
 1.9699119e+00    1.1901753e+00    1.4661765e-03 
 1.9789898e+00    1.1895817e+00    1.4002907e-03 
 1.9880677e+00    1.1889747e+00    1.3359859e-03 
 1.9971457e+00    1.1883547e+00    1.2732493e-03 
 2.0062236e+00    1.1877221e+00    1.2120681e-03 
 2.0153016e+00    1.1870774e+00    1.1524300e-03 
 2.0243795e+00    1.1864210e+00    1.0943225e-03 
 2.0334574e+00    1.1857532e+00    1.0377336e-03 
 2.0425354e+00    1.1850747e+00    9.8265155e-04 
 2.0516133e+00    1.1843857e+00    9.2906489e-04 
 2.0606912e+00    1.1836867e+00    8.7696250e-04 
 2.0697692e+00    1.1829781e+00    8.2633365e-04 
 2.0788471e+00    1.1822605e+00    7.7716806e-04 
 2.0879250e+00    1.1815341e+00    7.2945592e-04 
 2.0970030e+00    1.1807995e+00    6.8318798e-04 
 2.1060809e+00    1.1800570e+00    6.3835555e-04 
 2.1151588e+00    1.1793072e+00    5.9495065e-04 
 2.1242368e+00    1.1785504e+00    5.5296603e-04 
 2.1333147e+00    1.1777870e+00    5.1239528e-04 
 2.1423926e+00    1.1770176e+00    4.7323292e-04 
 2.1514706e+00    1.1762425e+00    4.3547454e-04 
 2.1605485e+00    1.1754621e+00    3.9911692e-04 
 2.1696264e+00    1.1746770e+00    3.6415821e-04 
 2.1787044e+00    1.1738876e+00    3.3059814e-04 
 2.1877823e+00    1.1730942e+00    2.9843824e-04 
 2.1968603e+00    1.1722973e+00    2.6768213e-04 
 2.2059382e+00    1.1714975e+00    2.3833592e-04 
 2.2150161e+00    1.1706951e+00    2.1040866e-04 
 2.2240941e+00    1.1698906e+00    1.8391294e-04 
 2.2331720e+00    1.1690845e+00    1.5886565e-04 
 2.2422499e+00    1.1682772e+00    1.3528905e-04 
 2.2513279e+00    1.1674693e+00    1.1321219e-04 
 2.2604058e+00    1.1666613e+00    9.2672962e-05 
 2.2694837e+00    1.1658536e+00    7.3721027e-05 
 2.2785617e+00    1.1650469e+00    5.6422458e-05 
 2.2876396e+00    1.1642417e+00    4.0867241e-05 
 2.2967175e+00    1.1634387e+00    2.7182588e-05 
 2.3057955e+00    1.1626386e+00    1.5559280e-05 
 2.3148734e+00    1.1618421e+00    6.3125481e-06 
 2.3239513e+00    1.1610502e+00    0.0000000e+00 
